book_id,chap_id,0,1,2,3,4,5,6,7,8,9,10,11,12,13,14,15,16,17,18,19
1900,1,0.07115105613403114,0.08508467346907837,0.06875780990094918,0.00013301031025887366,0.04930023915882438,0.00013301279387028245,0.03613048664265967,0.22208116066296907,0.0001330100268704506,0.00013301287688062034,0.22484166656302068,0.02091227614677637,0.06663876453506937,0.027499248357259084,0.01622838833795809,0.00013301276618443475,0.06388473949573946,0.0001330156411036237,0.04655840777355397,0.00013300840694289843
1900,2,0.00011126789491909925,0.0001112710724428091,0.04022174661941687,0.00011126108478284972,0.00011126148979353557,0.00011126735817117226,0.05435734563761311,0.3890105881041072,0.00011126777699888887,0.00011126552931168256,0.22137537210199618,0.0654600022291333,0.00011126741883634739,0.042366173255528945,0.0001112616560360194,0.00011126992725018142,0.00011126631603693836,0.02014993049767825,0.16572364644963575,0.00011126758031093595
1900,3,0.00029421367294446245,0.11316886166397147,0.1717244859469972,0.000294192245407847,0.00029419549629652647,0.0002941892474446057,0.00029420474249157485,0.4757161415697843,0.0002941890057215888,0.0002941924292116465,0.19898445141760412,0.0002941903074434454,0.0002942075695784555,0.023654974417223695,0.00029420885765333655,0.0002941997763128889,0.0002942048691515357,0.00029419763669067366,0.00029422128540759247,0.012632277842662966
1900,4,0.11591905123018258,7.901354000099997e-05,0.015942078074121208,7.901029409098624e-05,7.901172507868349e-05,7.901117858101996e-05,7.901323142128185e-05,0.39937040815093977,0.03586370417813227,7.901062797761157e-05,0.2917640378218797,0.019241885070013637,7.901424289659903e-05,0.023466898011673513,7.901046087209037e-05,0.0276312800378168,7.901196046775492e-05,7.90104001472091e-05,0.06993153077104994,7.900899265668156e-05
1900,5,0.0002045616310169627,0.00020454679771416345,0.00020455749671380752,0.00020454611995066136,0.00020454975220939503,0.11347730643135034,0.023930013588232685,0.36031204698870906,0.13557970657584556,0.0002045602725820831,0.16475563654988257,0.0002045549237763903,0.00020455295750993223,0.00020456217749179485,0.00020454612001876031,0.06065671371787266,0.00020455614449964388,0.00020454883035901826,0.13862937714528378,0.00020455577898075036
1900,6,0.024798861035072305,9.864501130720187e-05,0.02242517777796928,9.864916518492182e-05,9.864818813378764e-05,9.864965790906921e-05,9.86475365478928e-05,0.15899949412874,0.0448077132180748,0.030173880980546967,0.087476307116581,9.864489915300556e-05,0.11184066285308143,0.01928492599727904,9.864313241391375e-05,0.011605885440401852,9.864331284600579e-05,9.864920113473221e-05,0.4876006239603386,9.864738728426283e-05
1900,7,8.015037649815145e-05,8.014508976978964e-05,8.01513186198216e-05,8.01485721034164e-05,8.015343768052803e-05,8.015290882244151e-05,8.015329020882583e-05,0.2060362172387748,0.06711137510727473,0.038394279307987486,8.01539299511855e-05,8.015010163691458e-05,8.015303001045413e-05,0.03544406831139913,8.01467988228673e-05,0.10207980576173216,8.014702603312722e-05,0.026398690540274855,0.5234936059351417,8.01519172577942e-05
1900,8,9.874348989056346e-05,9.873639787866034e-05,9.874035677197662e-05,9.874011013267694e-05,9.874055213391032e-05,9.874025272816762e-05,9.874536495964018e-05,0.20046048807142247,0.1392760807120541,9.874712587515125e-05,9.873879349602988e-05,9.874152525246168e-05,9.874407597977125e-05,9.874708035473088e-05,9.873894717453194e-05,0.15395023847258002,9.874087012596064e-05,9.874438558015553e-05,0.5047333239107575,9.873950485136653e-05
1900,9,9.720666572573709e-05,9.720156908578855e-05,9.720550455297286e-05,9.720457304492903e-05,9.720345417570185e-05,9.722460583219838e-05,9.720599279744801e-05,0.20025056060342966,0.11687175128604892,0.10209369322848018,9.72125815187979e-05,9.72077082135249e-05,9.721186130996098e-05,0.08516870469630829,9.720421145400971e-05,0.07382969564251941,9.720407432635434e-05,0.017291706296830068,0.4032301864109212,9.72090334247388e-05
1900,10,7.682521543093851e-05,7.682471037862689e-05,7.682587257627148e-05,7.682147288323438e-05,7.682287381698352e-05,7.682631667016501e-05,7.682499374057143e-05,0.4567116671506566,0.09142052201199109,7.682533821443101e-05,7.682905526315631e-05,7.682164657711774e-05,7.682438268124193e-05,7.682879088452785e-05,7.682331300276724e-05,7.682462013137774e-05,7.682903450645247e-05,0.02928670899104189,0.421351897162887,7.682704666563087e-05
1900,11,7.217046233869135e-05,0.08089073409943255,7.217628412657693e-05,7.216836633979488e-05,0.013962043939061556,7.217060632399911e-05,7.216817081023602e-05,0.6234102538970306,0.0721291866121361,7.217185242860181e-05,7.216750574692814e-05,0.010465354212654784,7.216845146923108e-05,0.04485063524021608,7.216874391894297e-05,7.21703866073241e-05,0.09474308315250274,7.217013274942873e-05,0.058682668437722296,7.216944638335063e-05
1900,12,9.655204705889467e-05,9.655610825750851e-05,9.655131916332646e-05,9.65517202113907e-05,9.655120741034615e-05,9.655052108632763e-05,9.654947817283964e-05,0.44547920253792944,0.11326488116040637,0.010746214686312185,9.654817854082835e-05,9.654749787228093e-05,0.0897696243071447,0.09616757166619788,9.655036809370869e-05,9.655386095819336e-05,9.654744009672535e-05,9.655026165885396e-05,0.23845323472118543,0.004864110912242789
1900,13,0.00011921909191612067,0.030322706988567222,0.00011921713421447116,0.00011922077558258195,0.00011921805212186068,0.00011922162522116923,0.00011921763680816403,0.3965584691130646,0.2265010206603329,0.06777599627741561,0.00011922077720901381,0.000119214894900609,0.00011922941492600411,0.0250877670505153,0.00011921915620787755,0.00011922528607748062,0.0001192234564022054,0.06088275878566183,0.19132141786607743,0.00011921595677779648
1900,14,8.995358313046367e-05,0.012805013990688289,8.994797056763705e-05,8.994837916561487e-05,8.995018638022129e-05,8.995393903564427e-05,8.995184656855746e-05,0.5145158617480873,0.2546822271253009,0.04101426335047408,0.009147175239507024,8.99591128973327e-05,8.995274433545426e-05,0.020902138040402442,8.994907703337515e-05,0.05176396268682958,0.05947791796564131,8.995464905678762e-05,0.03470196776091323,8.99506039848308e-05
1900,15,0.00021328611998185068,0.00021328058765973025,0.0002132750729509056,0.00021326705712272772,0.00021326805289048845,0.00021327012518300537,0.00021327476573260932,0.9355645063515883,0.00021328946066641078,0.00021328548633072384,0.00021326722530879682,0.00021327883144039482,0.00021327476875505208,0.060596525203509694,0.0002132744477220758,0.0002132792754660492,0.00021327241181512787,0.00021327311790799252,0.00021327493210881586,0.00021327670585917738
1900,16,0.00017990815527046565,0.00017991040591349968,0.00017989581409780418,0.00017992516791417494,0.0001799023277510982,0.0001799131597306701,0.00017991670005122818,0.6366542787734563,0.28563822082715273,0.07464906340824874,0.00017990136438993898,0.00017990319933532863,0.00017989543809500264,0.00017989030582929696,0.00017991405323192864,0.00017992006913987723,0.0001798998569496662,0.0001799063701065969,0.00017991942160653217,0.00017991518172927
1900,17,0.11061359545538911,0.025942353237010597,0.030625936746754717,0.00012022228686543295,0.00012022091957814434,0.0001202275407541811,0.00012022546406391113,0.5786387300090726,0.04798289685413408,0.07672495048408247,0.00012022414538006304,0.00012021760607252704,0.00012022257274351657,0.00012023154112158028,0.0001202236919621909,0.05888454729055274,0.00012022776101331958,0.00012022790264945788,0.0691442927817184,0.00012022570908094254
1900,18,6.994991125160509e-05,0.025779202766843715,6.994872298992174e-05,6.994672516388164e-05,6.994724456050379e-05,6.99503857184944e-05,6.995225805928669e-05,0.5406861570400504,0.26972440184760527,6.994987722581558e-05,0.037917726792906004,6.99616385067851e-05,6.994877676111709e-05,0.01654573667253566,6.994953479177903e-05,0.06059216056525672,0.027543255051520676,0.008719130178951961,0.011722773165224165,6.995084407625952e-05
1900,19,0.00015581136806707677,0.0820693531741435,0.012999469762561493,0.00015579989597439884,0.00015580023034403846,0.00015581179898973595,0.00015581092884946917,0.7158210915027514,0.1131679260156687,0.0001558102544434231,0.00015581893684727663,0.00015580549230034734,0.00015580682437793533,0.0028264957443337583,0.00015579897279739476,0.07093435146628564,0.0001558093823399978,0.00015581575618713774,0.00015580704924120478,0.00015580544349596902
1900,20,0.0002088350210829179,0.0002088372617687251,0.00020882945777546156,0.0002088357551160875,0.00020882330276758568,0.08903222602522724,0.00020883699230215112,0.620478749962485,0.102026727670585,0.015857605394593948,0.00020883467182341173,0.008260544069612597,0.00020882772741732958,0.11920472916140709,0.0002088330365937027,0.00020882431020037624,0.00020882710915507105,0.00020882187749404697,0.042424625830463955,0.0002088253621281702
1900,21,0.2551667099297886,0.0002427843325604803,0.00024277728903462518,0.0002427778216984326,0.00024278186364926437,0.00024278100426551683,0.00024277907400340569,0.6642118270155306,0.01643339365218825,0.00024278201213728657,0.00024277493387712718,0.00024278988020678488,0.0002427852271053694,0.060303581855422186,0.00024278324325237413,0.00024279501836278492,0.0002427700710723062,0.00024277502908461377,0.00024277567511575446,0.00024277507164404799
1900,22,0.043296517249362614,0.00017070635138393672,0.0001706901746568246,0.00017071271577541534,0.0001706854560979734,0.0001706919405252625,0.00017068926914058573,0.6820694182009206,0.1868333565190595,0.07000191462478053,0.00017069380544097311,0.00017069042892043878,0.00017069236365278116,0.0001707045287170006,0.0001706952221188573,0.00017068904572443101,0.00017069933194263607,0.00017069807488917583,0.015238356388744349,0.00017069830814624926
1900,23,0.00016264253803176465,0.00016264417206144152,0.00016264104972114343,0.00016263907530574313,0.0001626311671439923,0.00016264650927204374,0.00016264748864321238,0.8391125393089311,0.06569985813704789,0.0001626501784320894,0.00016263904218231766,0.00016264026479614175,0.000162643080681221,0.09242266774214083,0.00016264362449360336,0.00016263662221493918,0.0001626339467748558,0.00016264448544345348,0.00016266602302044604,0.00016264554366193714
1900,24,0.068120960856209,7.70038957062796e-05,7.700502744858556e-05,7.701080510577969e-05,0.020688356540737585,0.10403386706516977,7.70060537910297e-05,0.5583961509695449,0.03937920111872649,0.029987262318856834,7.700455105109338e-05,0.007485646414012233,7.700506208438247e-05,0.04393757500864112,7.700470072636587e-05,0.09686317743998649,7.700083070555705e-05,0.030337752110542526,7.700506255323191e-05,7.700416840063633e-05
1900,25,0.12589021048316978,0.022556787270792054,0.00011354626725479205,0.0001135373453989758,0.00011353040723406921,0.00011354209686977623,0.00011354011438642304,0.8112010988519188,0.013727261316826275,0.0001135382247841203,0.02011132704803586,0.0001135400263628422,0.00011354246564009933,0.00011353455998480161,0.00011354269231435925,0.004923766492502661,0.00011354157868350472,0.00011353243133653379,0.00011354235825666333,0.00011353796824739919
1900,26,0.17051106409317343,0.08988938460144484,8.079923906661126e-05,8.079826499051874e-05,8.079867607309742e-05,8.080095363329639e-05,8.079790896181995e-05,0.6240713651451084,8.079956466698912e-05,8.07994770480294e-05,8.08008679550503e-05,8.079788155895502e-05,8.079767251659454e-05,8.079244906914799e-05,8.079906980809017e-05,0.0984542907248798,0.015861922313185433,8.07936509442134e-05,8.08019763083561e-05,8.079546960730756e-05
1900,27,0.18276256368507315,0.0001374020669860347,0.030587048622484063,0.021096486811743614,0.00013740135369546638,0.000137409623452372,0.00013740362597077473,0.6303797990025516,0.008962035427515036,0.00013740394470772578,0.0001373998397746842,0.016121501342657683,0.0001373982339221596,0.012225998096579909,0.00013740026717135598,0.06811480300748265,0.028238341981149016,0.00013739575033386075,0.00013740817171342651,0.00013739914503548838
1900,28,0.00025069744227764157,0.00025072166242411223,0.00025070411525444144,0.0002506890045981835,0.02460739421313322,0.00025070400068863847,0.0002507195597450641,0.7092840578456386,0.0002507025425141173,0.0829422390465395,0.022283378649594798,0.1348867946650423,0.0002506903108277505,0.010556221381381438,0.0002506960698702843,0.0002506907713226285,0.0002507178876795139,0.0002506944255924846,0.012180795294721157,0.00025069111115409807
1900,29,0.0591615439438362,0.00012840675758602326,0.012336271512971628,0.00012841257242825047,0.00012840271040200188,0.00012841938879646026,0.01431521777898466,0.5792416040682523,0.031308005035371185,0.12700642054682365,0.00012840938014500316,0.00012840257691523489,0.00012840930641687092,0.10193309531494349,0.00012840378363740117,0.07315695603525704,0.00012840408625509986,0.00012840970249836472,0.00012839866535619757,0.00012840683312290895
1900,30,0.00010398378896007385,0.00010398102038218678,0.03567081258295853,0.00010397638740317864,0.00010398344331817024,0.022218387513003562,0.0001039733750048503,0.698248072254463,0.18917935988804374,0.04015305025938051,0.00010397599764843672,0.00010397867356296373,0.013074600445207078,0.00010397841349790215,0.00010398349938812224,0.00010398091676282659,0.00010397702671006048,0.00010398218549338637,0.00010398322948684966,0.00010397909932438874
1900,31,0.00021557761652561027,0.05907426350142925,0.0002155741894867915,0.0002155688089794202,0.0002155846711876574,0.00021558576455168917,0.00021559097833883325,0.7170832514546553,0.05053226496957968,0.0002155847497043936,0.00021557508600271528,0.00021556978438377628,0.00021556576156663042,0.00021558206806145808,0.00021558403275360918,0.00021557894686418825,0.056052551746789976,0.11402399227115981,0.00021556650477947182,0.00021558709319966329
1900,32,0.00010003578572799874,0.00010002892937170714,0.00010003226123000871,0.00010002469946245148,0.00010002855432735817,0.0001000328210178073,0.00010002732047970738,0.6517212871366792,0.32225209291886897,0.00010003069138452731,0.0001000321291009438,0.00010002389656794471,0.00010002491022373905,0.00010002689287013175,0.0001000289700734173,0.0001000288928627746,0.00010003100047429993,0.00010003222908460226,0.024326113453346468,0.00010003650684609275
1900,33,0.0001669826793320839,0.0001669895863986226,0.0001669870336429387,0.00016698488894773382,0.00016699117096513583,0.00016698495068214467,0.0001670128125398201,0.3919383295565358,0.26361316293906895,0.12689793035676725,0.00016699719730675565,0.00016698028433090895,0.13646299645425378,0.00016699873149605518,0.00016698229371784498,0.07858274811090792,0.00016698437346666527,0.0001669944451725542,0.00016698838483065757,0.0001669737496363499
1900,34,3.533305962286248e-05,0.04596154568874108,3.533307905668779e-05,3.533218917481894e-05,3.5331861351449636e-05,3.533370063671336e-05,3.533311546537314e-05,0.32977207455076174,0.17076352479740722,0.07701374657633527,0.1849529817854713,3.5334612676466084e-05,0.06766475169869425,3.533325477253228e-05,0.010738851514894884,0.023735591695973206,3.533245980856814e-05,0.02754124709466056,0.06150235363575485,3.533362874038517e-05
2701,1,0.0024397860196804498,0.2185117382749333,0.0024396598838819137,0.002439626637772712,0.002439630606987016,0.0024393806490994223,0.0024398802813801563,0.0024395944162108824,0.0024396902532201007,0.0024396081112703933,0.0024396274889144087,0.5034836418633297,0.0024399135456149856,0.0024396364823306405,0.0024395689198303135,0.002439764943077706,0.0024396383772178217,0.19713305623857322,0.04183720584359119,0.002439351163083545
2701,2,0.0009348667139116766,0.0009348301323065131,0.0009348336305369297,0.000934898722185556,0.3384456054381937,0.0009348971594157732,0.10847392969068673,0.000934860923472912,0.0009347079647703363,0.0009348231570884896,0.0009347980966381345,0.14614153308591507,0.0009348639894226939,0.0009348076194378625,0.0009348895380182319,0.3919814926498471,0.0009348240901492683,0.0009348529544212908,0.0009348229679072243,0.0009348614756743233
2701,3,0.03471042157244974,0.0001080245010235284,0.00010801797084267446,0.00010802484223822893,0.01971505542093501,0.00010802247994358233,0.08611524607134848,0.03635131102618532,0.0001080227227231367,0.0001080206252098392,0.14264740699686868,0.5451709167609549,0.0640457321351752,0.00010802618145991266,0.019489271101284778,0.00010801976805317704,0.00010801738562927553,0.029874291925750723,0.020800132872097518,0.00010801763982633333
2701,4,0.11304413201067359,0.00013702433824708946,0.05265341039269266,0.00013702193713488293,0.0001370247480389078,0.030988560162259392,0.10301445778921617,0.04203200466668861,0.011379048148991863,0.20970900821389707,0.04104700210160492,0.08064583317402467,0.09301050812687744,0.00013703371210779154,0.00013702406179778352,0.22124281132629045,0.00013701778594010634,0.00013702420238481122,0.00013702460088256278,0.0001370285002493396
2701,5,0.07139321736202855,0.06261628983035582,0.0002193561144726983,0.00021935499420269437,0.02221630705167133,0.00021936020432374896,0.0002193685422547572,0.00021935850055000393,0.00021935439678491016,0.5455723723132785,0.026428462031702186,0.08655184538350415,0.06242865099917035,0.00021936777280508516,0.000219362101288763,0.00021936046138618375,0.00021935576412363293,0.1201605326359615,0.00021937138713831473,0.00021935215299668276
2701,6,0.013303386057653488,5.234407906545382e-05,5.2343666920197057e-05,5.234279832582124e-05,5.234043799857135e-05,0.06371725309168334,5.234438407382643e-05,0.011328646859454975,5.2341565457842624e-05,0.5253557409214059,5.234409289760878e-05,0.04048881468828798,0.14429258752902244,0.030480636360374257,5.234692329847041e-05,0.05559344831605575,5.234129697230338e-05,0.10742390918204679,0.00749214500227434,5.234274673064081e-05
2701,7,0.00018909200641523756,0.0001890910318613857,0.0001890849694032385,0.00018907582916154948,0.00018907969684898301,0.0001890951732353708,0.00018909243755295304,0.09367496205655945,0.08690448038191456,0.6564927544843535,0.0001890840393475669,0.00018908659461144777,0.0001890829207263971,0.0001890946670898668,0.0001890890386390696,0.10418650892814385,0.05590496028970487,0.0001890927892735463,0.0001891011097132339,0.00018909155544395386
2701,8,0.00041165424351148405,0.00041163338409784024,0.0985605049177188,0.0004116296100471369,0.0004116257540873717,0.2165377217773468,0.00041163869646377655,0.023751414633325738,0.0004116435975517534,0.06448270473129303,0.00041162598835467283,0.09829102153361437,0.06163859195786289,0.03209443121843904,0.0004116492169011167,0.20101100235370012,0.0004116341100067725,0.00041165944866672165,0.049127938061857064,0.15038827476515362
2701,9,0.25196848742658773,0.1878600467225604,0.00040175114640027867,0.0004017152329397828,0.036307001158987225,0.00040174805922802716,0.06899775332062882,0.030817568842610513,0.0004016810789690085,0.0004017298677935217,0.00040174002274427574,0.11897271229730566,0.11565454460224076,0.0991415011394269,0.0004017103092404923,0.08586144603409551,0.00040169564592389085,0.00040171786297762567,0.00040170475517168865,0.00040174447416794985
2701,10,0.32391842634662027,0.00033231069570794215,0.000332320724106092,0.00033230726183663126,0.0003323213628566567,0.00033232366372666487,0.00033233084702522826,0.00033231983697029984,0.18473086322381574,0.1013906072573036,0.056793871512897776,0.14755298581571366,0.11196688648764602,0.028278155150961614,0.000332325368747762,0.0003323169839199725,0.0003323207466129233,0.041380357808922553,0.0003323237193944829,0.00033232518521411457
2701,11,0.22597997994808597,0.18330201595559573,0.03435869392056983,0.0003534255340027235,0.005513460334782095,0.00035347206913412287,0.0003534420791336676,0.00035347350668937783,0.00035343590046447873,0.13759305995654023,0.0868029498835459,0.00035347017695118877,0.00035344383568382314,0.07182901555096201,0.0003534661839180515,0.00035346770127649303,0.00035346581066720894,0.2503793589473157,0.0003534273415362969,0.00035347536314501825
2701,12,0.2226795979962338,9.992383469018981e-05,0.033081431894347375,0.023329131447949302,0.14284096361347765,9.992860067902874e-05,0.06301829939592463,9.992785792541857e-05,9.993104330093264e-05,0.04241357811922517,0.055408652429165185,0.03573275424825233,0.06533447588886714,0.03163764147293891,9.992853003890919e-05,9.993062791285626e-05,9.992923749588839e-05,0.243136107370479,9.993215663027877e-05,0.04058793423446603
2701,13,0.12905910855467834,0.020655557534711974,0.00019425476543251356,0.00019422293668064022,0.00019422363475314112,0.00019424276974500476,0.00019422544078254273,0.09868707097434087,0.04714971958275587,0.39602429066393496,0.000194218154506673,0.00019422666641503202,0.00019422595928271467,0.00019422572293038804,0.00019422781763026218,0.1834054566482221,0.00019423100784394764,0.00019423436500444192,0.12249380522905477,0.0001942315712937265
2701,14,0.0003789109536783092,0.000378859927797464,0.0003788775278108253,0.0003788881838692496,0.00037887762185734677,0.0003789048287013175,0.0003788803246358375,0.0003788900886082101,0.00037888553727759066,0.40166574712903247,0.00037886894724190506,0.0003788827957727017,0.0003788731313052812,0.0003788764801786018,0.000378883448764856,0.3597183206449989,0.00037890636109683373,0.00037889900097874804,0.23217489097736146,0.00037887608903191714
2701,15,0.07317293617595093,0.08789766874070656,0.00035095527630521435,0.00035095440797891167,0.00035094601969258224,0.06885371433653893,0.00035097680874205794,0.00035097292827185984,0.11618180405407713,0.0786786855171092,0.36116879235468696,0.00035096081349487025,0.0003509515558824843,0.00035096773834504145,0.2094838703640878,0.00035096093280540403,0.00035096707986114346,0.0003509780580436295,0.0003509645001433162,0.0003509723372759868
2701,16,0.00018909693004619946,0.00018909771349928195,0.00018908721958748722,0.0001890843805677629,0.00018907837148281182,0.08781865410640456,0.00018908995735062486,0.00018909273314669274,0.04814539012110796,0.06973412161874473,0.14794730514310758,0.08748559550102362,0.1858476049105247,0.0357493677681263,0.09060275950352284,0.0015187225130409363,0.00018909676913264603,0.1321576124596354,0.07304499376743599,0.03843514851251189
2701,17,0.3470436293594693,0.05544903098986486,0.0339392939584754,0.0004903192067924181,0.0004903009579221703,0.0004903539016238684,0.06477069617723288,0.0004903373325735249,0.0004902640624724311,0.0004903479859577757,0.32155425967541124,0.12253439675222028,0.04833445203821618,0.0004903313762174556,0.0004903477355943667,0.0004903469768668496,0.0004903122355843038,0.0004903240267228947,0.0004903449264170153,0.0004903103243647861
2701,18,0.00026252128900054115,0.1690135734184253,0.00026254869285666156,0.0002625287672362012,0.0002625265216958484,0.0002625481934212662,0.00026253293506819914,0.00026254193110581146,0.0002625243287983295,0.32945661566276796,0.00026255472318619877,0.06207879501180795,0.17916443789103983,0.00026255462477747283,0.0002625391709821817,0.0002625378833781222,0.0002625480405828885,0.05743460176470407,0.19917642120265808,0.00026254794650711646
2701,19,0.03440697434943322,0.042668621431752846,0.008439179570253362,5.129448095018218e-05,0.1545480855311618,0.10923404659511203,5.129583750026269e-05,5.129729969616789e-05,5.129794753648765e-05,5.129696514111958e-05,0.15419021358644502,0.08495295588714741,0.2815055849953792,5.1296769256075714e-05,0.010938978398927319,5.129730351648119e-05,0.004790002515515943,5.1297317103462134e-05,5.129739070312599e-05,0.11386368582746845
2701,20,0.00012808181627301207,0.0001280717922255816,0.00012807556545210166,0.00012808477888365626,0.00012807212681657855,0.0001280794814856012,0.00012807850246497452,0.04426703838299732,0.00012807579067251982,0.4742462028420173,0.00012807293228681816,0.04207852597795108,0.12513980778561434,0.00012807979103600131,0.00012808555749871725,0.06969159777261888,0.1443994745906619,0.038287094920547174,0.060353326961130466,0.00012807263136596032
2701,21,0.00020497184100682337,0.00020498970020892875,0.00020497045091836996,0.00020496690622518238,0.12520257275017754,0.0002049732850887689,0.12317616330296152,0.00020497227512760745,0.00020497327948771734,0.0002049809317478688,0.06122420060849808,0.06028105050709135,0.4623015553900564,0.0002049614106938576,0.00020497374482929942,0.00020496956426669096,0.00020496625844913875,0.10902016310101856,0.00020498297282575716,0.05612964171932043
2701,22,0.00020539692465896625,0.00020539221735867537,0.00020538726249985285,0.0002053982919296303,0.00020540448792294102,0.00020539669057953187,0.00020539230286929563,0.00020538497158307823,0.00020541047140101173,0.0002054000065641529,0.03346386318577191,0.00020540779805765035,0.6358880876252564,0.00020538866643812512,0.00020538783490774688,0.0002053980667757419,0.00020539305150529623,0.05968483667621712,0.08193354928642693,0.18594872418127603
2701,23,0.00030591196488093553,0.07423527481669114,0.0003059046020454403,0.00030587575061935904,0.00030588614657666173,0.2583015266510609,0.000305912314491457,0.00030590157510370915,0.0003058937986462936,0.12676420022227808,0.47178049777557096,0.0003059068755307695,0.00030587440482394464,0.00030589871525687156,0.0003059102017798756,0.00030590136123614524,0.06433002798310898,0.00030590257374604914,0.0003058956135196908,0.0003058966530329142
2701,24,0.0002326248626132386,0.00023262265916288444,0.00023262075130158383,0.00023262064019054677,0.00023261991550293238,0.10871313147371767,0.0002326080037825796,0.0002326282646408987,0.0002326324135954756,0.109456040930323,0.12531669059995246,0.0002326133682929463,0.4242406067505163,0.00023262533762112803,0.017318258040026284,0.0002326183651954637,0.00023262420241022092,0.11515672806421987,0.09677445344292795,0.00023263191400675823
2701,25,0.00016534237079882347,0.0001653424646479768,0.03930133671793137,0.0001653307944495146,0.04600508516718452,0.09677447963444083,0.00016533766802702797,0.00016533123975160315,0.0001653371343691748,0.00016534101399090026,0.2986672910140318,0.00016534033765701263,0.20127860213447757,0.06145878915425009,0.00016533497327045557,0.00016533677247233418,0.0001653271277675982,0.1918232548617132,0.01683242631419072,0.046040033104577466
2701,26,0.05351552265569364,0.0008336159782500344,0.0008335113253495475,0.0008334979165002019,0.3026052893326612,0.0008335094212553745,0.20380925812335116,0.000833485794159173,0.0008334998994930541,0.0008335927973384609,0.3152335374879049,0.0008335577093447757,0.0008335845948258026,0.000833569680105819,0.0008334920569873023,0.11233322712955153,0.0008336128862866084,0.0008335655933126509,0.0008335106220467764,0.0008335589955821838
2701,27,0.14742393248368188,0.00018873515277090778,0.07120872002684922,0.0001887339407870693,0.01030221396669131,0.00018873839265057547,0.00018873460376937588,0.00018873444301989464,0.0001887511556406212,0.00018873132879709104,0.05034219432620482,0.5147236310560036,0.06638484295478887,0.0001887108838069821,0.00018873684182767745,0.067213409199621,0.019490256209667295,0.0001887257524990278,0.05083474544173588,0.00018872183918687143
2701,28,0.23015199981676893,0.0011630696639190732,0.001163024308739326,0.0011631092138140128,0.0011631304260902647,0.0011631541137178117,0.0011630158647186785,0.0011630970905410676,0.0011629451615955853,0.0011630523252712738,0.001163002974047867,0.1935261545363523,0.0011632551316393784,0.0011628939046229125,0.1268261033666503,0.3445024578133391,0.0011630211785173335,0.0011630938272528804,0.0011632787863727857,0.08754714049602905
2701,29,0.4232342447544224,0.0002925025676471714,0.0002924772017319086,0.00029249575079570673,0.11797325246790684,0.13659448553573608,0.0002924654995154542,0.00029247753380862987,0.0002924697887700382,0.00029248858733558136,0.00029247004069441775,0.08258851627517018,0.0002924934257549884,0.0002924806660254679,0.0002924789068437239,0.13229695465787364,0.037535524174876884,0.06597473265994934,0.00029250456554578454,0.0002924849395959073
2701,30,0.04810809667590826,0.0958690111237685,0.13913379480534896,0.00021013015242501843,0.00021013895083250378,0.28612048396101664,0.00021015402891739235,0.04780982797477281,0.000210126462996608,0.00021013885988471032,0.045749650989282215,0.21301261729080218,0.00021014395699470417,0.00021015237259433678,0.00021015525754913763,0.00021014143650635418,0.0002101329558814358,0.12167481493657312,0.00021013565841855041,0.00021015214952663529
2701,31,0.09317026526926675,0.00022180208564165447,0.0715818459487212,0.0002217990798511113,0.00022178436892771077,0.10048587944609053,0.00022179358198968618,0.00022180112753923773,0.04939355597080675,0.00022179962203887506,0.08723958804426948,0.03089209988549436,0.0002217954498222994,0.00022180257152494833,0.00022179491166883042,0.00022179580060548016,0.00022178646256365442,0.40941287351283184,0.0002218109359938273,0.15516232592435186
2701,32,0.12137876905116894,0.0002519716158857944,0.00025196758343214095,0.0002519649987805322,0.09464706155855047,0.08240833317291654,0.02312128978421791,0.0002519429634842003,0.00025197308856095014,0.1013694293705486,0.00025196244058139835,0.0002519492579740507,0.30212364843467143,0.00025196390146846646,0.0002519560236959765,0.00025196199778711436,0.00025195117005797496,0.16055480328378513,0.00025193736038691474,0.11137316294204531
2701,33,0.0011497054511313074,0.0011496919129808502,0.0011497079689883425,0.0011500331716910058,0.0414203665376663,0.26448782434243323,0.037291932085801636,0.0011496054213192212,0.10083049609165097,0.0011497282315250325,0.0011497017313056531,0.001149754923355557,0.0011496926774097918,0.12836368116265767,0.0737821779496598,0.0011496304933947005,0.0011495998338653995,0.33887745482312276,0.0011495694061777638,0.001149645783863049
2701,34,0.0003323241398061766,0.00033231933392331725,0.00033229266037987273,0.00033233554426696863,0.00033230801552478156,0.00033231543878239347,0.00033228727892160886,0.00033229443059944815,0.00033233473548562785,0.165215673196404,0.000332281594661926,0.04095536004515837,0.5011801190160421,0.0003322896740681346,0.0003323627181527474,0.11258036380549222,0.00033228577199149274,0.17508385739126758,0.00033227829044089923,0.0003323169186303247
2701,35,0.04249445942949632,6.520904720597306e-05,6.520737620800124e-05,6.520643860737337e-05,0.011308124585206579,0.040056339344322414,6.521430432594596e-05,6.520739021172465e-05,6.52120197061916e-05,6.520888010892876e-05,6.521027085442878e-05,0.7976456470469605,0.016037220663356857,6.520588258688558e-05,6.520692148354862e-05,0.09154528662848113,6.52093712113413e-05,6.520722733334128e-05,6.521077792332578e-05,6.52063944092198e-05
2701,36,0.2021562556006544,0.0003334292307560396,0.3511964267698117,0.0003334047605912032,0.042424084327545325,0.12947140692444778,0.00033342245753478094,0.00033343367315820117,0.0003334360479311581,0.000333412968884676,0.006717099848297838,0.22257275385784173,0.0003334053874717392,0.0003334153489298187,0.00033343288965206186,0.00033343208437721375,0.00033340329104816194,0.00033342478295639717,0.0003333930623639835,0.04112752668574567
2701,37,0.11860320363838245,0.0001672753138230544,0.1162078298715154,0.00016726603249012927,0.00016726446429113535,0.1065767395923186,0.00016726884517421776,0.00016727765699446346,0.00016726618505108395,0.023051883419973152,0.00016726284091214054,0.00016727559391749034,0.0001672755805194446,0.00016727460844783815,0.07903177371622842,0.05759502493327634,0.0001672712596961983,0.1761667144845299,0.00016726312401644098,0.320759588838442
2701,38,0.07866237378375804,0.07129811274754289,0.15699069213512382,0.00011699277746441134,0.03268665192693163,0.03748119688759154,0.122649332505745,0.00011699407830948354,0.00011699097834976023,0.00011699537314881554,0.05424243925258395,0.22066223881375854,0.018787226763850657,0.0001169968564872393,0.00011699047220061637,0.11020598504492685,0.00011698988597418808,0.09528081165633003,0.00011699575537052153,0.00011699230455200405
2701,39,0.00010409124729822983,0.00010409152935325275,0.00010408917692677106,0.00010408904928998118,0.21958164104535935,0.05937869885412257,0.0001040888835570267,0.00010408492257678758,0.00010408993576471535,0.00010408749784248524,0.00010408602919147058,0.0302317959574152,0.1395298949429431,0.00010408713523561507,0.00010408456890372718,0.00010408771777083285,0.00010407819858383194,0.5319114686064275,0.0001040953457307832,0.01790926935570662
2701,40,0.1412468493221339,0.000555671597871134,0.0005558141130609747,0.0005557225528017633,0.510271548446977,0.0005556825224175579,0.0005557434770312714,0.0005556734884601956,0.0005557292199949553,0.0005557070493669899,0.0005557069082703739,0.0005557001095275691,0.0976356937485636,0.07238461383713853,0.000555679365683618,0.0005557317840353722,0.0005556859095683608,0.17012548173208003,0.0005556411002476027,0.0005559237147690483
2701,41,0.055255857535451584,0.0006897669639364453,0.0006898192930300076,0.0006897870312322352,0.518150440107951,0.0006898607387713435,0.0006898655627837753,0.0006897929173128892,0.0006898773815727665,0.0006898190269995099,0.0006898641230903712,0.0006899328892257917,0.0006897903045512085,0.0006898325219017213,0.0006897659984359089,0.0006898297128579635,0.0006897918857069501,0.4148664915698693,0.0006897702577300073,0.0006900441775891837
2701,42,0.0010755215697905534,0.07847196622807029,0.0010755981878891254,0.0010755302566554839,0.36492118961765224,0.001075491638159508,0.001075619214483932,0.0010755281828386384,0.0010756025875985357,0.05609583921589381,0.0010755251155076411,0.0010755104574734517,0.32060609477139046,0.0010755664072696687,0.0010754750598053187,0.0010756094292597223,0.0010755441595602364,0.16377172678082105,0.0010754962616053953,0.0010755648582748123
2701,43,0.0001795866415899351,0.00017958802876763563,0.230729900417582,0.00017958563836266824,0.19914106669707954,0.00017958289253973083,0.08399349529350719,0.0001795863227341254,0.00017957041332308874,0.00017958696501019005,0.01545981622033537,0.03865187830788012,0.27939127426044813,0.05818809303829224,0.00017959888386231152,0.00017957897219644713,0.0001795624079662404,0.09228947294312356,0.00017958872722400896,0.00017958692817561297
2701,44,0.2972871188304929,9.37428784212988e-05,9.374991092066129e-05,9.374452840382216e-05,9.374315713708954e-05,0.11511617985933863,9.374839353460465e-05,0.027052511348707668,0.021246957887225824,9.374950643092678e-05,9.374980320301617e-05,0.3291917807574902,9.374246679518515e-05,9.374924333415515e-05,9.374943001414974e-05,9.374745623739512e-05,9.374547839863138e-05,0.2087929990935088,9.374301034129058e-05,9.374696006373086e-05
2701,45,0.6002968417318146,0.00010290897087867133,0.028712727868857528,0.00010290764938761533,0.05221786063483969,0.00010291314821302015,0.02114035812121719,0.06471136965636881,0.00010291298098741887,0.00010291289547872833,0.00010291052317087575,0.06783841750874373,0.011966261957984628,0.00010291013648870115,0.00010291075928522725,0.016137963841151282,0.06752108834255029,0.025982657077637673,0.04254825832005624,0.00010290787488828699
2701,46,0.0010002401450171308,0.001000242215744737,0.0010003628953967503,0.0010002414936701124,0.0010002903767053364,0.001000317718344807,0.0010003727404626689,0.00100033840331266,0.0010001981729844034,0.0010002460946853882,0.0010003057022796484,0.0010002836053802006,0.5012864485235884,0.0010002886983351785,0.0010002875779364156,0.0010002909213301264,0.001000206757530084,0.4807083752980129,0.001000469812755485,0.001000192846527662
2701,47,0.17241021553213762,0.00016810926991799537,0.00016811423532214363,0.00016810772445577688,0.017826456268012304,0.03221290582412119,0.00016811824020471336,0.1640433430684301,0.00016810191695221648,0.00016811854417192037,0.00016811726688692233,0.32455902808045434,0.00016810580336491698,0.00016811694649762138,0.00016811313961333685,0.00016811337956168664,0.04978565930053174,0.20274894350564665,0.00016810707399157678,0.03439610487972513
2701,48,0.07136486393102906,8.736165244814768e-05,0.04703928984289344,8.73582982289746e-05,0.014322943858509001,0.0028517779972719033,8.736253515787404e-05,0.03164485439420543,0.015463656181615753,0.03261647735641716,0.21693168152941159,0.4989932106030909,8.736076717960473e-05,8.735892179600843e-05,8.736162242819441e-05,0.035388138435327746,8.735830305313475e-05,8.736075734727611e-05,0.03259686079208983,8.73622204990698e-05
2701,49,0.18489179043116138,0.00035218758114271084,0.00035224370914141645,0.00035218534378890243,0.0003521812295444808,0.2762623312470637,0.00035217862780399334,0.00035222394831607126,0.00035220397450940795,0.0003521967706348004,0.0003522008520388936,0.13352233620116913,0.000352172012577204,0.0003521864617710463,0.0003522007898057585,0.16595422754973405,0.00035221194794040624,0.23408636169721903,0.0003521880829506881,0.00035219154168686313
2701,50,0.00033453528787217055,0.00033454254068103186,0.04456612318522231,0.0003345302648862404,0.0003345087624875765,0.0003345439917714783,0.00033453483915937447,0.02839240470927702,0.055143172788221964,0.0003345529857121074,0.0003345501744122535,0.10285984170609185,0.00033454437491510996,0.0376391333683646,0.00033453838091510447,0.00033453834413262864,0.029553836691369413,0.6161734940227366,0.03957931072094505,0.042412762860825994
2701,51,7.62996403032133e-05,7.629822177872916e-05,7.630095521863073e-05,7.629942506134224e-05,7.630853337311755e-05,0.037199275969279494,7.632867472563362e-05,7.629975471223317e-05,0.011194042371950366,0.037111581260630314,0.037073757270807875,0.07983890669141519,0.15136174012596082,7.630096923981862e-05,0.020715680899426363,7.629964216923215e-05,7.629962088388452e-05,0.5788340556928815,0.04583162314952136,7.630113066099846e-05
2701,52,0.056262551784860206,0.0003509680817643421,0.03932180942379347,0.00035097184133847073,0.00035095637909627025,0.2220057818700469,0.06856286235842539,0.0003509670639154013,0.11898964401872522,0.0003509791441890629,0.0003509776778250917,0.21399214093571134,0.2763025993546378,0.0003509518495334402,0.00035098140569797954,0.0003509769490116239,0.0003509643129243718,0.0003509838317441595,0.00035096498975202307,0.00035096672700723363
2701,53,0.0003165613177710444,0.0003165501665102613,0.10342609091069935,0.00031653708056976666,0.00031653981798174404,0.2225810278868092,0.000316519898443172,0.00031655379680013414,0.031174499652705703,0.00031654567123476666,0.00031654540125132264,0.10863820099996341,0.00031655646766046456,0.00031653270222808407,0.00031655477516759947,0.19193281815605376,0.00031654598703094797,0.2643646575868512,0.00031652522634796105,0.07376763649792023
2701,54,0.10444890698760123,0.00020086016054838359,0.00020086697163702058,0.00020084926200944432,0.006629500244842558,0.10187443219367534,0.13887928129417676,0.000200857659639255,0.0002008456079509931,0.00020086053724367373,0.0002008659375828144,0.016078555075597165,0.00020086671723861234,0.040834237950522725,0.00020084604011283162,0.0002008709418566014,0.00020085887926297194,0.4596986534571698,0.08705096871793781,0.042296015363393974
2701,55,0.19060173791368298,0.0003547171935198926,0.00035469896575911604,0.000354717914240085,0.00035476795416492456,0.00035470108111596075,0.17456542801426458,0.0003547268782466786,0.00035476741153131995,0.00035472229393390724,0.19854844745854078,0.020378354864656025,0.00035471508575260735,0.00035473146659259307,0.0003547453063673217,0.0003547304516942155,0.0003547218366919495,0.3500643229632395,0.060875534075533214,0.00035471087047215887
2701,56,0.03724546623377359,0.00017366521286621837,0.12027739510298169,0.0001736486645464815,0.00017364887984227452,0.00017366499718366978,0.0001736487138641009,0.02718144441601728,0.00017364421602477238,0.00017365601212541865,0.17825812014911652,0.3622386237318804,0.00017365811461255925,0.00017365789940695527,0.00017366615386717012,0.21761209300461254,0.00017366594299657968,0.00017366334047727843,0.00017365324636663278,0.054929315967437845
2701,57,0.03998822873404546,3.9474115045481586e-05,0.08083981924143026,3.947412051229283e-05,3.947404979232876e-05,0.07817182527377994,3.947454300961279e-05,3.947460044705149e-05,3.947573648494914e-05,3.9475202137560946e-05,0.18750201480018294,0.07558088645097598,0.25173113510019857,0.028501685281581087,3.9474963122134835e-05,0.035824952729630634,3.947549619625867e-05,0.1911004977632544,0.030364206681431864,3.947511674134316e-05
