0	doc_label,doc_content	0.008389676086065893	0.028485037820435006	0.0079626992137022	0.08394169019074749	0.007102945764385383	0.14190787680353467	0.0063734329620849265	0.005991239564384982	0.08799204518678719	0.017436058084117065	0.07620797704263994	0.08142631716172657	0.002665598373579763	0.06749664407916087	0.1346910902660723	0.008339519557173776	0.005498083347169399	0.007606085214712386	0.007950725613295599	0.21253525766822454
1	doyle,a	9.343728410856037E-4	1.8638357768813133E-4	0.002629499346050607	0.10691841164465198	8.038583683571602E-6	6.454400909467247E-6	0.007868676248378632	6.780437610563837E-6	0.03354933832106741	0.0017153425542075895	0.06760234284145625	0.18768824640298784	0.003240089837551873	0.13988711684740462	0.2202734049582846	0.17157431299939488	6.222320224811265E-6	0.0027832420956353655	8.99803761814633E-6	0.05311272570410808
2	doyle,the	8.868688261921895E-6	3.011140334464982E-5	0.0014482312628664765	0.08705349574351097	0.003463061923290962	6.028775265157227E-6	6.737326866870023E-6	0.006773458782528857	0.028169387622131323	1.8431577343209343E-5	2.2454049736235425E-4	0.1983484535358815	0.0037463340096175195	0.15773097571876457	0.2663639769757347	0.20057489610388352	5.811998788021686E-6	8.040357931688521E-6	8.40467572252379E-6	0.04601075302090318
3	doyle,a	1.1473947330320158E-5	3.895690611901914E-5	0.0020599398256460873	0.06680205880884305	9.714180232302051E-6	7.79978366764248E-6	8.716478844963417E-6	0.008949502101154076	0.04873870428630325	0.001700341333438844	0.06846797728417961	0.18210424059749497	3.645544241337121E-6	0.1381237574259728	0.27121761562778207	0.1946711385753161	7.519327098683482E-6	1.0402287316966073E-5	0.006344300353708878	0.01072219532530898
4	doyle,the	8.365233207236701E-6	0.011707881460408657	0.013724537414688693	0.06988895780368064	7.082251706489924E-6	2.7730233583065235E-4	6.354864301266548E-6	5.492053849733491E-4	0.05862094064636442	0.004906469664173684	0.035793463686563436	0.1669890983608518	2.657832293294385E-6	0.2123350479186882	0.2227234470082198	0.17139788520247584	5.482064971290637E-6	7.5839252865625366E-6	7.927561593519828E-6	0.031040309379721163
5	doyle,the	1.100452202261793E-5	0.00897017459091444	0.012337724338170385	0.15625564918190593	0.021984033042274476	7.48067676024728E-6	8.359867850849438E-6	7.858554615541872E-6	0.05853600411257158	2.2870428274697115E-5	0.0013505536506104867	0.18805315877373424	3.4963967267141816E-6	0.11835895787631782	0.205274022885625	0.15043948440169955	0.003937648754535452	9.9767060602289E-6	1.0428761993877136E-5	0.07442111247733585
6	doyle,the	8.778943936952866E-6	0.004305539049853548	0.006136881858850606	0.06550654142093046	0.010554238976702005	5.967768682156162E-6	6.669150284955538E-6	6.269223711264098E-6	0.011066454438928048	1.607694756073459E-4	0.04739784859043855	0.18821742780712447	2.7892779697365885E-6	0.21485491680578556	0.1810044189860093	0.19412697518755298	5.753185816751593E-6	7.958995674522838E-6	8.319626848662707E-6	0.07661548122929211
7	doyle,the	1.0207587375526399E-5	3.465729897846508E-5	9.688091308303958E-6	0.10748749449379984	3.40078351268008E-4	6.938934876167225E-6	0.0029906812325078947	0.009950378702372175	0.019496082589468916	2.1214178539500347E-5	0.016001663859197594	0.14211952831751462	3.243191754633706E-6	0.19861247090253847	0.22885492940570565	0.2295297902015984	6.689431819348728E-6	8.378449759056054E-4	0.004152627379513958	0.03953379087395688
8	doyle,the	8.100118719707893E-6	0.005287654681623302	7.687878327917358E-6	0.042819785766117356	6.8577980080452944E-6	5.506315470787493E-6	6.1534632702602725E-6	5.784460717181995E-6	0.037037528289630854	1.683427810993101E-5	0.05333262449695467	0.17326914573260122	2.573599154908633E-6	0.19061420094001622	0.1827888471237726	0.1791162532771292	5.3083250635728175E-6	7.343572338115812E-6	1.3918013705649254E-4	0.1355226297459176
9	doyle,the	9.856409391563383E-6	0.0038738693482114274	0.0011294727317492067	0.05146402553904638	8.344725186247622E-6	6.7002103792792035E-6	7.4876745966781186E-6	7.038663865412842E-6	0.019945464667304357	1.8050118335793537E-4	0.04313406360257224	0.18859551035884964	3.131614209411958E-6	0.21306172337699214	0.21282063145895652	0.13378388359193963	1.664761405426444E-4	3.289695253041149E-4	9.340718974214612E-6	0.1314635084585709
10	doyle,the	9.977751628427281E-6	0.0011677846651626386	0.00551702171475341	0.07024012250916686	8.447457081797793E-6	6.78269665623685E-6	0.009726788847341274	7.125316842580506E-6	0.06441341415764733	0.0013166310488084616	0.0835138438429422	0.20922181958860905	3.271438005724308E-4	0.09014494302611019	0.23941471468616357	0.18321700760015452	0.029650126237043464	9.04583542421844E-6	9.45571254735276E-6	0.012077803505343964
11	doyle,the	8.374331610365498E-6	0.004786879321378834	8.236818011300599E-4	0.04223002754554879	0.006940826111122523	5.692720477228161E-6	6.361776136933209E-6	5.98028175993963E-6	0.07336790539109228	1.740416803653504E-5	0.06071227106098221	0.1999360254293736	2.6607230709994475E-6	0.15301743546910063	0.2852333608236967	0.12807850974461213	5.4880275112284255E-6	1.4354778481473729E-4	7.936183965355656E-6	0.044669631304578884
12	doyle,the	8.204777802431164E-6	0.0022923072167250432	7.787210982379608E-6	0.054828499442689985	6.946405456140744E-6	5.577460838688762E-6	2.7263884724089643E-4	0.010795297218811001	0.025661017000197066	0.002681110558613649	0.06947325940673965	0.17737274292996072	2.606851818995492E-6	0.15458141776563325	0.2753289936131986	0.15918566724004607	5.376912259782519E-6	7.43845632332818E-6	0.010797213520164396	0.05668589716449784
13	doyle,mr	3.646157860767813E-5	1.237961316954136E-4	0.02016078656033412	0.07968564057350667	3.086944152281995E-5	2.4785927382559713E-5	0.004171324397766679	2.60379602374721E-5	0.09805358459730004	0.009546921028534534	3.312002891371845E-4	0.1293982138233723	1.1584705254139669E-5	0.12105042454139571	0.2509787330638938	0.26877994959834106	2.3894700593665877E-5	3.305608835286753E-5	6.265003864160307E-4	0.016906234606355305
14	doyle,the	2.0146936234244756E-5	7.225668803378306E-4	1.9121595597399933E-5	0.13495915914643833	6.712200058233954E-4	1.3695526018116385E-5	1.530513766718862E-5	1.4387339896020932E-5	0.10618571282243436	0.004293930506320506	0.029293259886659956	0.15294260175864235	0.004258460780566384	0.1833277314730001	0.08765420969330522	0.19496060611922647	0.01865684911474653	3.4534673354108753E-4	1.9092842238937528E-5	0.08162659570130561
15	doyle,the	2.7617322880589524E-5	9.376768288579419E-5	0.024686108225061447	0.045112496463037735	0.0022651904020488623	1.8773760916507586E-5	2.0980208790662604E-5	1.972209603889146E-5	0.0455741912653097	5.057581582793712E-4	0.0011475866254246128	0.17647421003313507	8.77467618510253E-6	0.15042337433034672	0.2622866430909505	0.21972471135731816	1.8098713402697284E-5	2.5037880971456163E-5	2.6172375923076027E-5	0.07154078533109307
16	doyle,sir	1.956460710295932E-5	0.0029250743137644187	1.8568903018063797E-5	0.08341415889090828	1.656397001841742E-5	1.3299669115811268E-5	1.4862756383091004E-5	1.3971486733746194E-5	0.024662514611703667	4.066064319297115E-5	8.129709581236656E-4	0.18504909679570508	6.216138065209903E-6	0.1272084058777707	0.3080951564986315	0.22839362849994863	1.2821453343752838E-5	1.7737284168172954E-5	1.8540980749652025E-5	0.0392461856615522
17	doyle,three	0.0011846714573271757	8.092350004739593E-5	2.2621331741226E-5	0.08420568946317346	2.017884741892589E-5	1.6202154043490462E-5	0.021687065969539066	4.039662945945879E-4	0.04204011408064805	4.364800226037379E-4	0.006020685802945278	0.20260392991693607	7.572731743258267E-6	0.0740983821384429	0.335090682344997	0.22174358208079006	1.561957371480348E-5	0.0011824453442247516	2.258731579014392E-5	0.009116599629278636
18	doyle,baskerville	2.2485719044741445E-5	7.634461102412878E-5	2.134135043121199E-5	0.0688546001986765	1.9037069036940597E-5	3.803365726287947E-4	1.70818541104294E-5	0.009507388296363916	0.02286900663695348	0.044948027149331854	0.0012994035305365279	0.11119379592595827	7.144244366475955E-6	0.25206621911928556	0.1460164168036689	0.16867599829482105	0.007315759452221787	2.038556595199656E-5	2.130925920242856E-5	0.16666791834638509
19	doyle,the	1.617398696860726E-5	0.0055691255166046135	1.5350842153639153E-5	0.04637616467386675	1.3693371597825835E-5	1.0994786342189452E-5	1.2286984696019638E-5	1.1550175435391159E-5	0.04349557698985627	0.01605108348592956	0.05686451396009656	0.12567091845316097	5.138857914839547E-6	0.15636609585201675	0.2741321334684394	0.1814598709720999	1.0599447165442808E-5	1.4663345984142952E-5	1.532775891955991E-5	0.09388873707075165
20	doyle,first	2.8805530303298472E-5	0.005241974656955009	9.62643656574675E-4	0.09568923081117625	2.4387606548780615E-5	1.9581483017943992E-5	2.1882861083313673E-5	2.0570619301124815E-5	0.09149426891670025	5.986582728101782E-5	0.023176607432561704	0.15554005871549964	9.15219776531095E-6	0.1667158814428258	0.2024881471242401	0.1632392039806687	1.887739226666789E-5	2.6115110511329376E-5	2.7298415962372702E-5	0.09519544621875678
21	doyle,the	1.2206083820771616E-5	0.0010322594277965445	1.158487801495295E-5	0.01775866410858353	4.0666072290104234E-4	8.297476926667491E-6	9.272665137869106E-6	2.068799617354983E-4	0.05442477617963014	2.5367604695972748E-5	0.04331048417284773	0.1416070965245282	3.878161307617799E-6	0.21669073893413945	0.2566193324782011	0.1278274920713137	7.999124817297644E-6	1.1066042684640289E-5	1.156745770352494E-5	0.14001437592321364
22	doyle,extract	2.2098499049111576E-5	0.004380206833751352	2.0973837273004045E-5	0.05834099190279999	1.8709237235136883E-5	3.7378690767486726E-4	1.6787692493412423E-5	1.578099088193109E-5	0.038260834904577136	0.0036335742111570316	0.031772030143088215	0.1595060242601459	7.021215422333183E-6	0.12646297687740674	0.3110450463302023	0.1858621039059722	0.0018083057332172064	2.0034512078952163E-5	2.0942298677891993E-5	0.07841176970689531
23	doyle,the	3.0173192530040315E-4	5.9441065586808624E-5	1.661613824048185E-5	0.07009446448208943	0.0017201708166198419	1.1901033699514138E-5	1.3299741748653665E-5	1.2502200844452026E-5	0.07720853640741654	0.007710454089076897	0.041655846742133476	0.15905157617507396	2.8978722363362893E-4	0.16072785723861627	0.23704031993677196	0.15889906252361496	1.1473108615863711E-5	1.5871975068336766E-5	0.005985311834280876	0.07917377534156764
24	doyle,death	1.8944815459911754E-5	0.013904761643624286	1.798065451143185E-5	0.013414858256578675	1.6039236240781135E-5	1.2878345869711898E-5	3.2195723310208044E-4	0.001243790150274466	0.028494704956390376	3.937254541930665E-5	0.023854615468226686	0.11613599426547447	6.019215612099961E-6	0.22529022718845657	0.26665571219789647	0.18363532602190444	1.2415279603980662E-5	1.717538070443661E-5	3.2551893416144444E-4	0.12658170821048842
25	doyle,fixing	1.9740167672389954E-5	0.0013489335914073565	1.8735528760681466E-5	0.06621591412897242	6.57668009962463E-4	1.3419012043114811E-5	1.4996125479653622E-5	1.4096858132919245E-5	0.07103260979608395	0.0010024586142470995	0.04087997887809426	0.1322284024156462	3.2674962041652115E-4	0.12418368455856299	0.34386901344969273	0.1874990781801765	1.2936505061280919E-5	1.7896447482433757E-5	1.8707355935265588E-5	0.030624980756169824
26	doyle,the	1.873165083298443E-5	0.02317555064506219	1.7778338499489216E-5	0.028773252227312213	1.5858764817520242E-5	0.0015332566002270013	1.4229979754700017E-5	0.0018380044474157408	1.9646005991299015E-4	3.4303416257195995E-4	0.02541083419490851	0.1303385832255326	5.951488172206789E-6	0.3246303422381711	0.08818696377420246	0.16453922556184797	1.227558447469418E-5	1.6982125529798295E-5	1.775160501183972E-5	0.21091493332574204
27	doyle,a	1.9186763969032867E-5	6.514383770040683E-5	0.009674502693896012	0.135380064052283	1.624407694266657E-5	1.304281812808339E-5	1.4575718139950254E-5	1.3701661211295912E-5	0.13009394085161494	3.987538107292716E-5	0.07680163640921618	0.16776961507187935	6.096088371642423E-6	0.10481611133534642	0.09593647583029545	0.22242529066291986	1.2573837938679736E-5	0.00313232776503833	1.8182906486486327E-5	0.05375141223754933
28	walpole,manfred	9.817136709401453E-6	5.114694174579891E-4	9.317511898533145E-6	0.08281606258706323	8.311475782032669E-6	0.030129354638988	7.457840094793589E-6	7.01061843853887E-6	0.11963741235378503	1.797819797085886E-4	0.1685530577072536	0.030217961715465615	0.23700008650978763	0.021913940188372796	0.1426426711941938	9.758446302769334E-6	6.433554204612423E-6	8.900221845299277E-6	9.303501051047558E-6	0.16632189140159667
29	walpole,i	1.0599285545785526E-5	0.00571453798869031	1.0059854732819374E-5	0.07220643675572533	8.97366591994994E-6	0.029432422866708566	8.052019551059604E-6	7.5691669457410515E-6	0.14637686855564763	3.661828277849622E-4	0.14171589388939332	0.01042750954126913	0.2932230804902852	0.008517060917214193	0.23626021549592705	1.0535919169508383E-5	0.014977670902599468	9.609318434857248E-6	1.004472761606078E-5	0.040706675810839
30	walpole,ii	1.0947801129195226E-5	0.010523557785360849	1.0390633267474425E-5	0.11403791366124146	9.268729431533384E-6	0.023290776580316704	8.316778367051658E-6	7.81804906356165E-6	0.15972119105890117	2.275254663276533E-5	0.11153952654901839	0.008637552419354636	0.29344458673986085	0.017150673524918048	0.13276635188039326	1.0882351200257729E-5	0.04835119722137013	9.92528286529242E-6	1.037500875531124E-5	0.080435995398552
31	walpole,v	5.990980913760995E-4	0.020978857445519212	1.1439793359359423E-5	0.08152415232120885	1.0204608965698523E-5	0.04873291793502807	9.15653776680612E-6	2.042890748950106E-4	0.19032895429242205	2.207315343408988E-4	0.1427613898136046	0.0014867543428153463	0.2890255882203995	0.007337190680000129	0.16769697715777454	1.1981160896575917E-5	7.898946786275712E-6	1.0927455727607853E-5	1.142259121336057E-5	0.04903006799589998
32	walpole,every	9.051135577117474E-6	0.01046371147116054	8.590494961149475E-6	0.09780791346357358	7.662956763866112E-6	0.019255736749055785	6.875927656767344E-6	6.4636013376372436E-6	0.09810616993482466	1.8810753124539543E-5	0.10103232456479903	0.008757506083824996	0.4428902499842851	0.017999911668751735	0.15370115184386196	8.997024603294042E-6	5.931563659790526E-6	8.205764773661581E-6	8.57757733721327E-6	0.04989615743606754
33	dickens,marleys	5.943298150172718E-4	0.025276740855516306	0.002923211384364606	0.05622152379272368	1.0123389552078869E-5	8.128349135105084E-6	9.083660047463222E-6	0.22635732826546004	0.04477397012397421	2.4850535833067076E-5	8.85111223490014E-4	0.13969133450613017	3.7991125964159454E-6	0.16684886605683572	0.20460472430921864	0.0017590033865625587	0.003890319600167102	1.0840483110672275E-5	1.1331677767927763E-5	0.12609537947249694
34	dickens,the	1.2375294576710233E-5	0.013101196470496563	2.1265592735525199E-4	0.06843337230408575	1.0477287239093411E-5	8.412503364611113E-6	9.40121043549146E-6	0.19971382499917478	0.037700047941742386	0.006253943228988841	0.05054093452349642	0.11885818498483065	3.931923563895047E-6	0.19900090749922592	0.17217802315754097	4.1412221107238267E-4	0.0018163040674969654	0.012266756914461135	1.1727815299871324E-5	0.11945339973555225
35	dickens,the	9.217737300652142E-6	0.012601739837246429	8.748617801576442E-6	0.0867384968023666	7.804006667864823E-6	6.266052543247933E-6	4.5594689542037764E-4	0.2557552449963653	0.03825695124316646	0.018276229446436684	0.025523912626843268	0.11442063810517361	2.9286929917964986E-6	0.17411493936948627	0.14560597215681428	9.162630321253022E-6	6.040744294701689E-6	8.35680599302728E-6	0.01901404858558275	0.10917735464718374
36	dickens,the	4.889537248811934E-4	7.611180675898756E-4	1.3865397243501303E-5	0.07177223729497577	0.002146920073983527	7.214481143464592E-4	1.1098018078099123E-5	0.17433215956776502	0.06395260036584602	3.036129649114823E-5	0.05657973589245446	0.12892640997445617	0.006882641704725976	0.15570263753171285	0.23930433384622926	0.001200383640946634	9.573777388853417E-6	1.32444275665256E-5	1.3844547689648159E-5	0.09713643273562891
37	dickens,the	3.3874857337945274E-5	0.002314819900501587	3.215085983320912E-5	0.0553340882623357	2.86794474517723E-5	2.3027520643225064E-5	0.002225540236733202	0.2502521608969353	0.024553153678197534	7.040128535076246E-5	0.018456105929158084	0.178513086525895	1.0762842772350176E-5	0.1416100868670545	0.30906667794555576	3.3672341145024677E-5	0.009921328010965414	3.071096534663201E-5	3.210251422350569E-5	0.007457569112563507
38	stoker,jonathan	0.0029323290391814667	0.0013939509237207185	0.00540112587981699	0.07220287498995263	0.14661024350799154	9.400245071276711E-6	1.0505039728367353E-5	0.005846876522926064	0.005308534556360929	0.044704250046424324	0.01247311317909746	0.10295523657734783	4.3935845847771355E-6	0.2647968167297111	0.10865553186070952	0.002258746202856222	9.062240763413535E-6	2.370368195830426E-4	9.111050402794529E-4	0.22327886701389274
39	stoker,i	1.497834415218862E-5	0.00904816160564969	1.421604934203374E-5	0.07650538283666476	0.13934934508930139	1.0182009793425572E-5	1.1378683915528365E-5	1.069634240618787E-5	0.019124389451050116	0.017053060153073382	1.360564216755132E-4	0.1883592959609918	4.758973934321968E-6	0.21240830077357556	0.20182876556105245	1.4888798174069978E-5	9.815895596743732E-6	1.3579375512011964E-5	1.419467250867438E-5	0.13606855300163004
40	stoker,ii	2.464047885228164E-4	0.015135552300235165	1.3569316621486267E-5	0.07418545203890568	0.19219740919820252	0.006972954486465103	4.750767444082084E-4	1.020973220543349E-5	0.018950684496416605	0.0067608407957018505	0.01939481885873138	0.12663754108445155	4.542473267680482E-6	0.21504689662803328	0.18150576420643788	1.4211459996836203E-5	9.369339685804283E-6	1.296160708303978E-5	1.3548912287396046E-5	0.1424121915323402
41	stoker,v	1.3775746434566818E-5	0.009887218442848742	1.3074655585913468E-5	0.04620901190467634	0.18519097165087245	9.364505427524939E-6	1.0465099665672895E-5	9.837542739556947E-6	0.01669432347036139	2.8629796016094853E-5	0.015333095124762977	0.16115918685185018	4.37688021732048E-6	0.2492530386856804	0.0919162294551529	1.3693390022118022E-5	9.027786208875713E-6	1.2489099722408828E-5	2.367015031710104E-4	0.22399548840858347
42	stoker,letter	2.3917629090871462E-5	0.016778018550668763	2.270038609378646E-5	0.031691439078404	0.22717455554094873	1.6258775413648732E-5	0.01166710841956056	1.7080068911541152E-5	0.047234904365747184	4.9707422048800114E-5	0.014195983327781029	0.11516832939464372	7.59919602979655E-6	0.062320095656098806	0.45352770129866915	2.3774640822645033E-5	4.039721184254903E-4	2.168373643187438E-5	0.01904926625565964	6.059041385500117E-4
43	stoker,i	1.4447837796899573E-5	0.0063821140078022575	1.3712542115438898E-5	0.04072305132919905	0.2615441543335594	9.821381085062085E-6	1.0975671134497358E-5	0.048329219746559904	0.01938526864436884	0.023720362155997442	0.03062374867318744	0.11343163076464453	4.590419527295353E-6	0.18963892033445248	0.2303331312814448	0.007754768134432364	9.46823400317797E-6	1.309841814203952E-5	1.36919224115618E-5	0.028043824168135473
44	stoker,ii	1.3912653151575085E-5	0.004338750986891923	0.013113615959292712	0.0778381925798812	0.29883667946986464	4.6119589507629283E-4	1.0569104370259825E-5	9.935310630850426E-6	0.002178740220658103	0.033683419383226186	0.01932525489644926	0.11713525541461071	4.420378716958088E-6	0.23524172719211364	0.03568481743966205	0.003401866900140668	9.117506542912085E-6	1.2613219431602476E-5	1.3184738794009381E-5	0.15868673075049436
45	stoker,iii	1.2823586891941362E-5	4.3539268246275335E-5	0.0012613012762747624	0.006373956152486048	0.2769014115019549	8.717244442638341E-6	9.741767208987018E-6	9.157586104179935E-6	0.023659783223122267	0.0071050561033508194	0.12003299449093893	0.1462727074621835	4.074356627354205E-6	0.1930938030811448	0.14260673149276848	1.274692283484928E-5	8.403798766279193E-6	1.1625871327782354E-5	1.2152652821175808E-5	0.08255927216050396
46	stoker,x	2.4402589477570753E-4	0.017058230337148022	1.343831282623979E-5	0.01301421636029127	0.29631053877546293	9.624968900418528E-6	1.075617496315597E-5	1.0111163227741269E-5	0.05600617929604541	0.002557963003753867	0.07920285791308752	0.11415144732234168	4.4986183518824726E-6	0.07826868819843988	0.31721389311731	1.4074256683838773E-5	9.278884205102311E-6	1.2836470367040163E-5	1.341810548403058E-5	0.025873922826334234
47	stoker,letter	1.3545511551300616E-5	0.0029048033582913463	0.0011123995904603217	0.015309227298846947	0.31821934314714806	9.207995881984678E-6	1.029019582207067E-5	9.673127292813179E-6	3.61975827786146E-4	2.815130450385557E-5	0.084348069678842	0.10744690742508031	4.303729153551164E-6	0.13557272971880258	0.2874182146207201	1.3464531566553682E-5	8.876904272000247E-6	1.2280368643454473E-5	1.2836806156913093E-5	0.047183698859177635
48	stoker,i	0.0015367826223974665	0.0015741875743639003	1.4821548651313352E-5	0.012325577232640548	0.3143875921207663	1.0615688641090252E-5	0.013955887847729328	0.0083775666373079	0.005741395771669683	3.245499751342631E-5	0.04628389618630627	0.14821175228256137	4.961671277358862E-6	0.1912855361119806	0.16783253218342578	1.5522951643398976E-5	1.0233980668115525E-5	0.014465237709552435	1.4799261321829346E-5	0.07391864561958195
49	stoker,ii	1.0882040925009663E-5	2.1361501030578008E-4	3.636637672262199E-4	0.028199054705887423	0.2717242490211536	7.397416306175348E-6	8.266821938621028E-6	7.771088354585896E-6	0.012480876460765492	2.2615878812930518E-5	0.1128128871054028	0.1407331639312487	3.4574815872940667E-6	0.21473889328208107	0.16129571409873	0.004074175779468316	7.13142764741318E-6	0.003366553365119166	1.0312689145544411E-5	0.04991931862789376
50	stoker,iii	1.2325767068482298E-5	0.007645891523594416	1.1698470207626752E-5	0.02933885530314793	0.27195500711747705	8.378835452544405E-6	9.363585591548544E-6	8.802082769885933E-6	0.04955555039784428	2.5616339454904043E-5	0.08715823735516699	0.12758739288528378	3.916187504001256E-6	0.1217638429338378	0.2809471351355772	1.2252079158991415E-5	8.077557937292127E-6	2.112809285738148E-4	1.1680879086340441E-5	0.02372469463526511
51	stoker,iv	1.2950303725584505E-5	0.006982074620525349	1.2291222239698097E-5	0.0316664138315289	0.2977187473132885	0.001901013870755758	2.2008364051597748E-4	9.248077191011916E-6	0.022842350355784212	2.6914298674924498E-5	1.1763463081175349E-4	0.11807347665113364	4.114617560219699E-6	0.06107541460417152	0.42700649666883944	1.2872882109265755E-5	8.486841270627664E-6	6.424775817100086E-4	1.2272739790511316E-5	0.03165466524837304
52	stoker,v	1.4290298466166038E-5	0.007704524338161566	1.3563020454281737E-5	0.04445500972161893	0.26588427983341334	9.714288672704597E-6	1.0855992334860561E-5	1.0204994886460691E-5	0.020333892321756915	2.9699176885895693E-5	0.05279384243123027	0.10477076635858872	4.540365558647432E-6	0.15021907067421875	0.29394162218049813	1.4204865874902392E-5	9.364992309226419E-6	1.2955592893253316E-5	1.3542625587808988E-5	0.05975405592658914
53	stoker,vi	1.715126935510493E-5	0.03263658476629302	1.6278387580983423E-5	0.030800824315912547	0.2706654445707367	1.1659125385888593E-5	1.3029402366436522E-5	1.2248072808245161E-5	4.583322600172418E-4	8.709874199470572E-4	0.03969533253061083	0.06365248145426447	5.449363626055617E-6	0.2707889092404715	0.12919652357693326	1.7048732841403935E-5	1.1239898591643747E-5	1.5549350763622395E-5	1.6253909586408033E-5	0.16109867235190758
54	stoker,vii	1.4913068636995648E-5	0.0015032978280214368	1.4154095902095297E-5	0.0512345699859254	0.2614921907239127	1.0137636668585292E-5	1.1329095693542188E-5	1.0649727823551088E-5	0.040346787824290874	3.0993464860812305E-5	0.07567400445490294	0.15122182128145217	4.738234360428054E-6	0.11923844710554447	0.2743087418564939	1.4823912899600264E-5	9.773117994917549E-6	1.3520196692007626E-5	2.562435204535848E-4	0.024588862867469898
55	stoker,viii	1.1917956166281224E-5	0.01455188832388001	0.003300567497463171	0.09028355720116439	0.27650108674740553	8.101612913264566E-6	9.053781563392705E-6	8.510856650189536E-6	0.10267239265950748	2.476879605690279E-5	0.02584184896934423	0.10769369266420993	3.786616342196721E-6	0.08503608358435528	0.26991033429475203	1.1846706298389198E-5	7.810303479887055E-6	1.0804825985653669E-5	2.047800569416974E-4	0.023907166545520088
56	stoker,ix	1.4336864634242682E-5	0.019600193877272173	1.3607216724331405E-5	0.026444890448115477	0.26139729518936594	9.745943518833191E-6	1.0891367520683359E-5	1.023824874104108E-5	0.010624393733540889	2.979595421114757E-5	0.029690260647871138	0.14840481494329308	4.555160730787046E-6	0.20610453630582246	0.1533837166725166	1.4251153653523881E-5	9.39550894307703E-6	1.2997809808290337E-5	1.3586755399430072E-5	0.1442064961983168
57	stoker,x	1.4100561185508034E-5	4.787491370800935E-5	1.3382939497638518E-5	0.07454001972544638	0.28181222538684814	9.585308671296667E-6	0.01054102316317179	2.3898931068642675E-4	0.049136728143046135	2.9304850548104183E-5	0.02416466320632732	0.19494761275580716	4.4800815403443384E-6	0.12853745588722598	0.20373608788786166	0.01672516247168333	9.240650037555695E-6	1.2783576964355959E-5	1.3362815420926606E-5	0.015465916364321913
58	stoker,xi	8.546514890551467E-4	4.400651212988884E-5	1.2301567642050297E-5	0.01906771286664664	0.2426281980397237	8.810793997140445E-6	9.846311481946296E-6	9.25586120774023E-6	0.011498757690175655	0.0021311626651404673	0.07292394331121653	0.07735087911790967	4.118080793847386E-6	0.3212091193093879	0.14287458749635887	1.2883717089079451E-5	8.493984562477055E-6	1.175063496043823E-5	1.228306963636559E-5	0.10932723748088438
59	stoker,xii	1.497834415218862E-5	0.01099352515167369	9.868978223540328E-4	0.05486321338714777	0.28816965636013725	1.0182009793425572E-5	1.1378683915528365E-5	1.069634240618787E-5	0.0315260820569531	0.001003810898375398	0.04366356576396247	0.14896568415400582	4.758973934321968E-6	0.1657195756689996	0.19623584536623345	1.4888798174069978E-5	9.815895596743732E-6	0.0031747951378010087	1.419467250867438E-5	0.054606454511875124
60	stoker,xiii	1.4084440148618154E-5	0.018797783496956082	1.3367638910768388E-5	0.028265864805321894	0.2849199035006238	9.574349879468603E-6	1.0699606775618517E-5	1.0057987244675925E-5	0.017525734275240498	7.152456143307197E-4	0.08061558402153182	0.1028041791356991	4.474959505920929E-6	0.19767390128349316	0.17286297440605078	1.4000238253098404E-5	9.2300852906508E-6	1.2768961622943958E-5	1.3347537841721119E-5	0.0957072236552786
61	stoker,xiv	1.3110172384315691E-5	0.017710319077162345	1.2442954682061241E-5	0.0846290670124812	0.3858919150212674	8.912060121885686E-6	9.95947924039518E-6	9.362242675289223E-6	0.03291502225512228	2.7246549788182194E-5	0.05418071237181235	0.056104436248883865	4.1654116114236535E-6	0.08204927652638712	0.263282008043489	1.3031795015126588E-5	8.59160946445151E-6	1.1885689901698431E-5	1.2424244071093536E-5	0.02310611123443848
62	stoker,xv	1.3004988560541907E-5	0.018412761585096075	1.234312399226277E-5	0.055447072177565046	0.3642161375599063	8.840558044426868E-6	2.2101298069312434E-4	9.28712875193127E-6	0.020405205136337107	2.7027948826474598E-5	0.09322796387034267	0.056709973494641776	4.131992224703353E-6	0.09363672708973496	0.26623687997245943	1.2927240018430509E-5	8.522678384878278E-6	1.179033018594475E-5	1.2324563497826641E-5	0.031366065580736104
63	stoker,xvi	1.1618958628818061E-5	0.005887025331206026	1.1027633461485858E-5	0.10348630630796826	0.35935281837387834	7.898359748313404E-6	7.633525856478634E-4	3.8556030900580105E-4	0.02049406171412751	2.414739680659391E-5	0.027834369789145438	0.08028114992273559	3.691617758057116E-6	0.16325971253565708	0.17240708223774007	1.1549496276733869E-5	7.614358682411358E-6	1.0533754644447645E-5	1.10110510849632E-5	0.06574946826579614
64	stoker,xvii	9.63139628106765E-6	0.008632710330059086	9.141224381890793E-6	0.057950973850829694	0.32884123874572263	6.547250501242089E-6	7.316737606903672E-6	6.877977393577966E-6	0.008231933297205722	0.002209109982080244	0.06278937349721243	0.0441880712390194	3.0601222262628437E-6	0.22508500371436396	0.08850017667012934	0.0014168480724603319	6.311831226819001E-6	8.731829465041535E-6	9.127478619927627E-6	0.17208781475321433
65	shelley,to	6.811148839229675E-5	0.22802121239541595	0.0011704215716100363	0.2903949200284183	0.0033749946532108006	4.6300968572271893E-5	5.1742641880670035E-5	4.863980919630843E-5	0.13451331769530395	0.04437261403709907	6.186935813125288E-4	0.02388236490579104	2.1640629604538124E-5	0.0016537472153003848	0.19239282083458123	6.770429319186377E-5	4.463612614348403E-5	6.174991495477787E-5	6.454787404959968E-5	0.07912981933597091
66	shelley,to	6.55736455459513E-5	0.22058968771388954	6.223639750473105E-5	0.24125006368516633	0.04476767141442924	4.4575788508767434E-5	0.0032435400503285686	0.004305127944910753	0.24128172122952452	0.0022654303302294594	0.0474369460527343	0.0325736809455945	2.083429695304816E-5	5.275532653446671E-4	0.14796411046843166	6.518162249122938E-5	4.297297832370117E-5	5.944910515558772E-5	6.214281193349842E-5	0.013371500252999897
67	shelley,to	2.697537114568254E-4	0.2855767473279	0.00901482098878954	0.15159851182457884	2.283814014466882E-4	1.833737363729192E-4	2.0492533664072306E-4	1.9263665153938927E-4	0.10355536572542255	0.02683701018760701	0.015588513062218652	0.0026181048039646358	8.57071294707874E-5	0.028446610931585077	0.22768002509254884	2.6814102585565996E-4	0.004556178116832803	2.4455887155563254E-4	2.556401130340954E-4	0.14259499396117936
68	shelley,to	2.9794816430686193E-5	0.2400227734889038	0.007283972396638347	0.1783044655149354	0.020824881102620915	2.0253981989473495E-5	2.263439770386309E-5	2.1277088791257634E-5	0.19186281181663478	0.010219893340707425	0.009461188120121656	0.05107903223440672	9.466517348703388E-6	0.008462825124606867	0.17654984353023473	2.9616692203265416E-5	1.9525710214438228E-5	2.7011997889274887E-5	2.823594233063895E-5	0.10572049618528781
69	shelley,i	4.376766765854095E-5	0.17494621305863967	4.154019407603456E-5	0.1965523038243628	3.705499073183394E-5	0.0057142276281352145	0.0014543680211926593	3.1255388101600185E-5	0.17170385512023953	0.04983011885407668	0.2192498588255154	0.01747821420374772	0.0099617375391414	0.06074966824917857	0.011361053899770565	4.3506008654672824E-5	0.01992434570036296	7.502391869835403E-4	0.03414832864410171	0.02597834299532899
70	shelley,we	3.6504796379774546E-5	0.26503765292526565	0.029074404878920247	0.3032084332567564	0.013661812812488402	0.006543944636347317	2.7731806345595572E-5	2.6068822933887598E-5	0.08453890036109278	0.03504210615840763	0.07263466361381138	0.06436029573694035	1.1598436561740601E-5	0.004442225330250651	0.034367004950335796	3.6286557456657595E-5	2.3923022892480217E-5	0.004774280237099748	6.272429749695813E-4	0.08152491868474403
71	shelley,when	2.9910561432862735E-5	0.27737460059057356	0.01799529327786738	0.21250298111553398	0.009251571650513069	2.033266336664892E-5	2.2722326368152498E-5	2.135974466846983E-5	0.15715993033740078	0.004432490619532867	0.097875691055028	0.04156562028224315	9.50329227140442E-6	0.0026685966569146235	0.09759860085123186	2.9731745239806308E-5	1.9601562447880453E-5	2.7116932375505415E-5	0.024307946926807312	0.05708639780818274
72	shelley,from	3.263641444123586E-5	0.2957647139561185	0.01910542094249654	0.28326414713290654	0.007445470861010055	2.2185649367283586E-5	2.4793090630698687E-5	0.002672534873438876	0.0967742139840015	0.005366284542437061	0.034206579577464154	0.044823793443023556	1.0369360194790017E-5	0.005031177941498142	0.08900819084309897	3.2441302109476626E-5	2.1387920690847567E-5	2.958819229683907E-5	3.09288670458959E-5	0.11633314110572908
73	shelley,it	3.452033069508248E-5	0.22933336737324297	3.2763483031127145E-5	0.08777257964780079	2.922592412155887E-5	2.346630185809026E-5	2.6224256009063603E-5	0.00731025096481132	0.11412948890531589	7.174275680107108E-5	0.025532949037620867	0.05974069411436841	1.0967924912986288E-5	0.08714448381430519	0.14626618847030187	3.431395562814169E-5	2.262252480148051E-5	3.129615186728518E-5	0.008999605649415161	0.2334532484130917
74	shelley,clerval	0.007076680747886827	0.264153582114271	2.7467981298064308E-5	0.18071170451616592	2.4502191553533615E-5	1.967348648372871E-5	2.198567755840422E-5	2.0667270217059385E-5	0.1459568264965714	9.998457564655812E-4	0.1524940669410284	0.047265819231573705	9.195199304733891E-6	0.010099671011589671	0.13672093216676584	2.8767853849999498E-5	1.8966087566810354E-5	0.008953374987173982	0.04419326322734688	0.0012030070553285454
75	shelley,on	2.2420242755435652E-5	0.3072821541852892	2.1279206435183672E-5	0.13744786991167707	1.898163489061346E-5	1.5240879030908638E-5	1.7032113365230708E-5	1.601075465387483E-5	0.11379946160897181	0.019701957670198514	0.08683284430729236	0.07483517934431808	7.123441001901316E-6	0.002000316343063826	0.131031703216856	2.2286206406237503E-5	1.4692863236744985E-5	2.032620511006487E-5	0.0014771999663902727	0.1254159198990567
76	shelley,we	0.004160535000076219	0.2651441207959926	2.417410684132377E-5	0.08709119729070826	0.0012620833531911744	0.013249521107308003	1.9349223829317667E-5	1.8188915775216082E-5	0.14168634690466242	5.293445346920232E-5	0.21360069592852596	0.04449239517306391	8.0925397468349E-6	6.184207814466465E-4	0.1314904598398583	2.5318102740024923E-5	0.019865001939371595	2.3091455760160643E-5	2.4137755964851332E-5	0.07714393533166804
77	shelley,nothing	3.56182155032327E-5	0.3204740123732787	0.005238097401028313	0.13971574510432902	3.0155425590725898E-5	2.4212624265631238E-5	2.705829240725763E-5	0.0023384543231375703	0.07439016463395519	0.050960434230819876	0.08474871940537175	0.013067296373485877	1.1316748863870845E-5	0.05753376674871263	0.07747969785306721	3.540527688240315E-5	2.3342011718362372E-5	3.229149487231466E-5	3.375465934516538E-5	0.1738004568033649
78	shelley,i	3.4194548218507054E-5	0.29267577529700367	3.245428064435401E-5	0.11303589385778696	2.8950107124768538E-5	2.3244840771783686E-5	2.5976766981671476E-5	5.795607281484482E-4	0.06975134959066301	0.06613292808084001	3.1060762285536507E-4	0.004217868380591381	0.02388195754855906	0.032473320712877576	0.1471063814426049	3.39901207974624E-5	2.2409026784288426E-5	3.1000797284715754E-5	3.240547877736267E-5	0.24956973077068473
79	shelley,it	2.7262838078013916E-5	0.20147864126753348	2.58753469264018E-5	0.17997112014527888	2.3081518078269292E-5	1.8532788503617876E-5	2.071091530398725E-5	1.9468951179378765E-5	0.02418670149313878	0.052726864480609266	0.06663865758569698	0.075507750205463	8.662047985454434E-6	0.07900333886414304	0.0013229016257795367	2.7099850936232348E-5	1.786640562706068E-5	2.4716504843456578E-5	2.5836437876070504E-5	0.3189249107270191
80	shelley,i	3.71431684198949E-5	0.2859537813551909	3.52528363356867E-5	0.3012746007602872	3.144649544243123E-5	2.524925991602111E-5	2.8216762065082037E-5	2.6524697485459196E-5	0.10712268019250612	0.01877056462800942	0.03953316921550451	0.09020927709357963	1.1801262446128416E-5	0.017786171279482618	0.03496799268999423	3.692111307700849E-5	2.4341373094213703E-5	3.3674018072682446E-5	3.519982624901201E-5	0.10405599197284181
81	shelley,i	3.8179181053115413E-5	0.27471494849489614	3.6236123043695814E-5	0.23963692579960422	3.2323614114176526E-5	2.5953522728410992E-5	6.48835219322937E-4	2.726453533064876E-5	0.11568907315691333	0.02549243522529878	0.10385864995250203	0.0276431321197847	1.2130428144755007E-5	0.020141764804365407	0.05515810855414458	3.795093205066007E-5	2.5020312751446388E-5	3.461326772796787E-5	3.618163437773402E-5	0.13671027312184533
82	shelley,some	4.1693850650755085E-5	0.22893084970230348	3.957192010599596E-5	0.29621869777866305	3.5299236447585966E-5	0.029134672360271	3.167380472472766E-5	2.9774432892021007E-5	0.181844182319578	8.665130742109057E-5	0.20141546970358096	0.0017584440108519659	0.004074595441950881	0.0010123268634463518	0.010822739932768067	4.1444589677704945E-5	0.002057997773506581	0.006806713536243318	0.0013932951887676204	0.03422390624614891
83	shelley,such	2.6976280853722353E-5	0.309287512893799	2.5603373496064384E-5	0.2669842363404121	2.2838910330168466E-5	0.0026460653719960108	2.049322474715434E-5	1.9264314795086483E-5	0.13736270916357407	0.008815155409523842	0.015135495339484894	0.028290911362460813	8.571001982822967E-6	0.015107484798646088	0.11517718319122587	4.647695701809583E-4	1.7678613454070205E-5	2.445671189740076E-5	2.5564873415240626E-5	0.10053702925372467
84	shelley,cursed	0.002072435515481875	0.2977507519370586	2.3936556739611213E-5	0.12062860318292477	2.1352064136118767E-5	0.02417428623196997	1.9159086087357485E-5	0.0028841117814592046	0.04735046651611387	0.025847328699495385	0.05837000591672228	0.02481135964847807	4.174561032491512E-4	0.04073776620777707	0.10481287988072815	2.5069311009247056E-5	1.6527710072504792E-5	2.286454447443982E-5	2.390056306989971E-5	0.24998973854295248
85	shelley,the	4.3551048412548584E-5	0.3275086013744889	4.133459926140268E-5	0.11921890447909297	3.6871594526781247E-5	2.960522184194348E-5	3.3084672714230164E-5	3.1100695860364295E-5	0.1404512086958022	0.011403193053658145	0.004637853529140045	0.007493112576301084	1.3837197363196417E-5	0.01590531472835067	0.2326091658424382	4.329068443716055E-5	2.8540707838112E-5	3.94834057975224E-5	4.127244395938256E-5	0.14039067344871525
86	shelley,day	2.8711541222518405E-5	0.3086730079389925	0.009349773738332323	0.2151714339402023	4.904342035020958E-4	4.856437617909661E-4	2.1811459863603335E-5	2.050349977307474E-5	0.13035033215676953	0.0625205773879778	0.038017022337305736	0.011465689045209641	9.12233521301555E-6	0.017943784659707557	0.07643951198892601	2.853989320749477E-5	1.881579754065565E-5	2.6029899956078854E-5	2.7209344419650172E-5	0.1289120450700875
87	shelley,london	3.0978612090191134E-5	0.32751366228031104	2.940201357020698E-5	0.2502669653014403	2.6227401305518375E-5	2.105870505338659E-5	2.3533698487261963E-5	2.2122461523007402E-5	0.12404608542757603	0.051363406948227004	0.007322438158834959	0.01790327065516651	9.842637207474579E-6	0.04400427982581806	0.029164444693300498	3.0793410702628625E-5	2.0301497877180707E-5	2.808522772206375E-5	2.935780143156016E-5	0.14814374324235519
88	shelley,i	2.3471054721013544E-5	0.2801499061619826	2.2276539291210482E-5	0.13703103702668848	1.9871283111057086E-5	0.0015401468543609139	1.7830389669305267E-5	1.676116100548066E-5	0.04940134834529014	0.028246324883127862	0.03565065623036998	0.04976402790178081	7.457308798184265E-6	0.05239239347881864	0.12726576839522674	2.3330736236465827E-5	1.5381501476133714E-5	2.1278871848665113E-5	2.2243041808415213E-5	0.23836848883438794
89	shelley,i	2.1972372447803913E-5	0.2768870743117913	0.008938781727593558	0.1846425841188703	1.8602454756368422E-5	1.4936424826080893E-5	1.6691877180649026E-5	1.5690921292101406E-5	0.07621119231624895	4.5664642867685736E-5	0.05192356704114975	0.070486523159951	6.981142020230183E-6	0.049760449633088025	0.11022162093424533	2.184101362987088E-5	0.003224853291541891	1.9920165628916814E-5	2.0822771059751853E-5	0.16750022967981046
90	shelley,the	2.3908345529092916E-5	0.28575754525539826	0.0035160167574218373	0.14462998569863872	2.0241506330784336E-5	0.009719933526893465	1.816258886527407E-5	1.707343932989158E-5	0.16482518474268562	0.017904461282842732	0.08444512408689539	0.018086816502380303	7.5962464228124345E-6	0.013389353728933672	0.16961603151098875	2.3765412761368505E-5	1.5668075270533787E-5	2.1675319949371442E-5	2.2657453424857692E-5	0.08793879851903734
91	shelley,it	3.182697198461527E-5	0.23262511730241778	3.020719777457538E-5	0.12381083255964197	2.6945647666517043E-5	0.027923682222504683	2.417817687467121E-5	2.272829270315905E-5	0.08817358255847245	0.015050577765633582	0.0710776278295549	0.054046173227449576	1.0112181196013439E-5	0.07466151261887223	0.08680062576927268	3.163669879366976E-5	2.0857461344672212E-5	2.885435129531486E-5	3.0161774871380254E-5	0.2255727593916756
92	shelley,my	9.845381403169677E-6	0.3404879675253621	9.344319131440865E-6	0.1535428062600339	8.33538856792682E-6	0.01023631269514493	3.271549213205716E-4	7.030788552980973E-6	0.11566599790461642	0.010889432644980485	0.0031263493697447275	0.0012144194053956372	0.007515505284193399	0.039718985516222466	0.14561047065438706	9.786522139506071E-6	6.452064058730735E-6	1.6876364071036998E-4	9.33026797361751E-6	0.17143570944606057
